43914
43687
43412
42861
42821
42632
42508
42468
41897
41493
41424
41423
41416
41400
41148
41109
41107
40687
40608
40606
40416
40412
40189
40152
39850
39739
39644
39410
39169
39113
38854
38690
38672
38591
38517
38332
38240
38006
38004
37869
37482
37061
36877
36675
36669
36342
36126
36044
35919
35842
35598
35357
35329
35183
35019
34866
34719
34695
34694
34635
34591
34574
34554
34549
34494
34486
34259
34029
33984
33949
33948
33931
33925
33924
33891
33888
33835
33486
33401
33398
33396
33378
33254
33241
33219
33202
33157
33109
32879
32835
32822
32793
32762
31875
31738
31717
31575
31456
31451
31421
31414
31413
31354
31347
31284
31119
31091
31074
31032
31011
30980
30872
30772
30711
30650
30245
30214
29914
29913
29911
29840
29766
29569
28933
28932
28927
28926
28906
28904
28893
28828
28814
28781
28780
28778
28774
28716
28711
28709
28676
28675
28674
28557
28465
28411
27336
27328
26697
26639
26262
25699
25367
24993
24921
23066
22977
19293
18258
17718
