41416
43412
40152
28674
32879
31074
30872
28465
41897
31347
28774
30711
29766
41400
28828
36877
35919
28926
33219
28716
43687
28904
24993
29569
28557
32793
28927
28814
33931
34259
33835
29766
39113
40152
35329
28676
34635
34866
28780
32835
26639
33401
33396
27336
31575
18258
35842
33401
28557
31284
30772
30872
38332
32879
39850
35183
22977
18258
33219
33924
28926
41400
42508
29766
34259
28716
43914
29569
33396
33396
28676
31575
32762
26262
42468
35919
35842
28927
25367
28893
39113
34719
31011
18258
25367
43914
31575
33924
40687
38591
28933
28711
28932
38854
43914
33401
33396
39410
40687
41416
